x, y, width, height, transcription
[668, 659, 640, 646], [353, 721, 721, 352], -1, -1, EPÚBLICA FEDERATIVA DO BRASIL
[602, 581, 575, 597], [366, 366, 724, 724], -1, -1, STADO DE MINAS GERAIS
[573, 566, 546, 552], [366, 774, 774, 364], -1, -1, A CIVIL DO ESTADO DE MINAS GERAIS
[548, 544, 520, 524], [368, 694, 693, 367], -1, -1, INSTITUTO DE IDENTIFICAÇÃO
[440, 440, 274, 276], [453, 472, 468, 451], -1, -1, POLEGAR DIREITO
[83, 80, 59, 63], [377, 656, 655, 375], -1, -1, CARTEIRA DE IDENTIDADE
[116, 111, 94, 99], [413, 637, 637, 411], -1, -1, ASSINATURA DO TITULAR
[547, 525, 512, 532], [217, 303, 300, 214], -1, -1, DA RUBÉOLA
[590, 562, 543, 570], [220, 329, 325, 214], -1, -1, BRASIL
[567, 544, 524, 548], [224, 316, 311, 218], -1, -1, LIVRE
[627, 655, 657, 637, 602, 597, 607, 633, 659, 674, 680, 674, 663, 648, 634, 624], [217, 257, 292, 327, 345, 350, 364, 353, 333, 306, 271, 244, 220, 199, 193, 215], -1, -1, TÔ VACINADO
