x, y, width, height, transcription
[60, 61, 70, 51, 44], [739, 736, 276, 276, 736], -1, -1, VÁLIDA EM TODO O TERRITÓRIO NACIONAL
91, 660, 20, 167, 78.782.930-4
131, 393, 23, 461, CARMENI FUKELMANN PISKE
167, 830, 20, 101, DA PAZ
[228, 229, 211, 211], [931, 853, 853, 931], -1, -1, FILIAÇÃO
244, 487, 24, 446, GIUBILEI VERAS DOMITILA
283, 563, 24, 370, CAI RANDAL WALKER
[344, 347, 330, 328], [933, 800, 800, 936], -1, -1, NATURALIDADE
357, 741, 29, 192, CATUÍPE-RS
[421, 423, 408, 408], [935, 822, 823, 936], -1, -1, DOC ORIGEM
437, 742, 25, 196, JEQUITIBÁ-MG
405, 446, 21, 362, C.NAS=113 LV=415 FL=369
482, 698, 20, 186, 140.446.783-16
[503, 503, 488, 488], [936, 906, 906, 937], -1, -1, CPF
559, 864, 19, 75, NH 18
[606, 610, 593, 589], [639, 400, 403, 639], -1, -1, LEI Nº7 116 DE 29/08/83
530, 400, 20, 318, KIYOHARA SANGALAN BRUNING
[572, 577, 563, 559], [638, 421, 422, 637], -1, -1, ASSINATURA DO DIRETOR
571, 177, 18, 58, 5 VIA
374, 186, 20, 141, 10/09/1952
[356, 360, 345, 341], [306, 115, 116, 308], -1, -1, DATA DE NASCIMENTO
101, 198, 19, 123, 12/06/1976
[125, 126, 110, 109], [438, 340, 341, 438], -1, -1, EXPEDIÇÃO
[92, 93, 109, 107], [437, 367, 367, 437], -1, -1, DATA DE
[98, 100, 84, 83], [927, 844, 844, 929], -1, -1, REGISTRO
[115, 117, 101, 101], [928, 870, 871, 927], -1, -1, GERAL
[149, 151, 136, 136], [930, 875, 876, 929], -1, -1, NOME
