x, y, width, height, transcription
[454, 173, 174, 456], [374, 370, 382, 388], -1, -1, VÁLIDA EM TODO O TERRITÓRIO NACIONAL
419, 344, 74, 9, 26.567.220-9
370, 298, 196, 11, SIESSERE PASTRO BLOSS
[569, 540, 539, 569], [319, 317, 325, 327], -1, -1, NOME
[568, 517, 517, 570], [350, 349, 358, 359], -1, -1, REGISTRO
[568, 534, 535, 569], [339, 337, 347, 347], -1, -1, GERAL
[304, 257, 257, 303], [343, 343, 352, 353], -1, -1, DATA DE
[303, 242, 244, 304], [332, 331, 343, 343], -1, -1, EXPEDIÇÃO
172, 340, 61, 9, 04/06/1996
145, 185, 61, 9, 01/07/1976
[206, 88, 88, 206], [211, 209, 199, 200], -1, -1, DATA DE NASCIMENTO
[570, 520, 521, 571], [269, 267, 258, 259], -1, -1, FILIAÇÃO
381, 244, 186, 10, TAVELLA ABIMAEL JEFFERSON
410, 222, 158, 12, FINZETTO CERASI TYEMI
[572, 491, 491, 571], [207, 205, 216, 218], -1, -1, NATURALIDADE
503, 192, 65, 8, TANGUÁ-RJ
[572, 504, 504, 572], [166, 165, 156, 156], -1, -1, DOC ORIGEM
363, 137, 206, 12, C.NAS=360 LV=390 FL=290
487, 120, 84, 9, ALTO PIQUIRI-PR
[573, 552, 552, 574], [102, 103, 112, 112], -1, -1, CPF
496, 62, 75, 8, 830.968.342-10
[394, 244, 244, 394], [25, 22, 35, 38], -1, -1, LEI Nº7 116 DE 29/08/83
[383, 248, 248, 383], [47, 47, 57, 58], -1, -1, ASSINATURA DO DIRETOR
250, 62, 160, 8, SCHEILLA ORABONA ZONNEVELD
[203, 148, 148, 205], [96, 95, 105, 104], -1, -1, PIS/PASEP
84, 57, 27, 6, NH 17
