x, y, width, height, transcription
[279, 281, 746, 749, 278], [26, 26, 28, 48, 47], -1, -1, VÁLIDA EM TODO O TERRITÓRIO NACIONAL
199, 66, 135, 17, 65.072.043-4
[85, 168, 167, 83], [76, 77, 91, 91], -1, -1, REGISTRO
[83, 140, 140, 85], [108, 109, 95, 94], -1, -1, GERAL
174, 106, 317, 16, ALINNE PONGILUPPI BUMIRGH
[83, 136, 136, 83], [129, 129, 144, 143], -1, -1, NOME
98, 143, 68, 16, VIANA
[85, 161, 161, 83], [205, 206, 223, 222], -1, -1, FILIAÇÃO
100, 223, 294, 16, TESTAI TAKERISSA RUSSO
97, 261, 374, 18, GRANDIZOLI WANICE ZAPOLLA
[83, 215, 215, 82], [324, 325, 338, 338], -1, -1, NATURALIDADE
99, 340, 155, 16, MERUOCA-CE
222, 382, 260, 15, C.NAS=222 LV=146 FL=56
[81, 195, 193, 82], [403, 404, 418, 417], -1, -1, DOC ORIGEM
99, 417, 211, 19, CHÃ DE ALEGRIA-PE
150, 456, 148, 16, 752.063.434-55
[80, 114, 114, 80], [483, 484, 498, 496], -1, -1, CPF
96, 533, 58, 15, NH 32
303, 523, 276, 12, PILOTO CONSOLMAGNO EVEDOVE
[386, 606, 604, 386], [559, 559, 545, 545], -1, -1, ASSINATURA DO DIRETOR
[384, 623, 622, 383], [593, 594, 576, 575], -1, -1, LEI Nº7 116 DE 29/08/83
799, 534, 58, 18, 3 VIA
702, 342, 111, 16, 06/03/2011
[715, 913, 913, 714], [324, 325, 339, 340], -1, -1, DATA DE NASCIMENTO
705, 68, 104, 15, 15/03/2008
[581, 651, 650, 580], [76, 77, 92, 91], -1, -1, DATA DE
[581, 677, 677, 580], [96, 95, 109, 109], -1, -1, EXPEDIÇÃO
