x, y, width, height, transcription
[736, 734, 269, 266, 737], [638, 638, 636, 616, 617], -1, -1, VÁLIDA EM TODO O TERRITÓRIO NACIONAL
681, 582, 135, 16, 09.346.392-3
[930, 847, 848, 932], [588, 587, 573, 573], -1, -1, REGISTRO
[932, 875, 875, 930], [556, 555, 569, 570], -1, -1, GERAL
466, 543, 375, 15, GOULARTE PANTAROTO LOSCALZO
[932, 879, 879, 932], [535, 535, 520, 521], -1, -1, NOME
818, 505, 98, 16, MARTINS
[930, 854, 854, 932], [459, 458, 441, 442], -1, -1, FILIAÇÃO
548, 425, 369, 16, ZANELATTO STRONGREN OLADIO
573, 385, 344, 18, SAMIA WOSNIAK CHRYSTINA
[932, 800, 800, 933], [340, 339, 326, 326], -1, -1, NATURALIDADE
739, 308, 177, 18, VIEIRÓPOLIS-PB
545, 267, 248, 15, C.NAS=45 LV=40 FL=455
[934, 820, 822, 933], [261, 260, 246, 247], -1, -1, DOC ORIGEM
665, 228, 251, 17, PRESIDENTE MÉDICI-RO
717, 192, 151, 16, 424.882.456-66
[935, 901, 901, 935], [181, 180, 166, 168], -1, -1, CPF
861, 116, 58, 15, NH 29
504, 129, 209, 12, VIDUEDO TAJIRI EPIFANIO
[629, 409, 411, 629], [105, 105, 119, 119], -1, -1, ASSINATURA DO DIRETOR
[631, 392, 393, 632], [71, 70, 88, 89], -1, -1, LEI Nº7 116 DE 29/08/83
158, 112, 60, 18, 4 VIA
199, 306, 112, 16, 13/02/1998
[300, 102, 102, 301], [340, 339, 325, 324], -1, -1, DATA DE NASCIMENTO
206, 581, 106, 15, 02/01/1982
[434, 364, 365, 435], [588, 587, 572, 573], -1, -1, DATA DE
[434, 338, 338, 435], [568, 569, 555, 555], -1, -1, EXPEDIÇÃO
