x, y, width, height, transcription
[603, 230, 229, 603], [527, 531, 512, 508], -1, -1, VÁLIDA EM TODO O TERRITÓRIO NACIONAL
549, 467, 123, 15, 18.671.036-7
[757, 692, 691, 758], [476, 477, 464, 463], -1, -1, REGISTRO
[757, 712, 713, 758], [449, 449, 462, 460], -1, -1, GERAL
[758, 715, 715, 758], [431, 432, 419, 419], -1, -1, NOME
465, 400, 288, 16, BERNARDINO FIENGO LO
[757, 692, 693, 757], [366, 366, 349, 349], -1, -1, FILIAÇÃO
445, 299, 305, 16, MORGAN MIORANDO MIYAJI
[755, 647, 648, 757], [264, 265, 253, 253], -1, -1, NATURALIDADE
575, 233, 173, 16, LINHA NOVA-RS
368, 201, 281, 16, C.NAS=482 LV=304 FL=426
[754, 663, 663, 755], [197, 197, 186, 184], -1, -1, DOC ORIGEM
637, 166, 110, 15, IRITUIA-PA
570, 131, 138, 16, 246.688.197-78
[753, 727, 728, 754], [128, 128, 115, 115], -1, -1, CPF
367, 95, 208, 11, CHAMMAS MADACKI HOSHI
[508, 331, 332, 510], [72, 75, 87, 84], -1, -1, ASSINATURA DO DIRETOR
[509, 316, 316, 508], [58, 61, 46, 44], -1, -1, LEI Nº7 116 DE 29/08/83
689, 66, 58, 15, NH 94
172, 233, 98, 19, 21/09/2019
[250, 93, 93, 250], [271, 272, 260, 258], -1, -1, DATA DE NASCIMENTO
168, 471, 106, 15, 07/12/2010
[365, 308, 308, 364], [480, 481, 468, 467], -1, -1, DATA DE
[363, 286, 286, 364], [452, 453, 469, 466], -1, -1, EXPEDIÇÃO
145, 71, 43, 14, 2 VIA
