x, y, width, height, transcription
[242, 613, 613, 240], [16, 22, 41, 36], -1, -1, VÁLIDA EM TODO O TERRITÓRIO NACIONAL
[89, 158, 156, 90], [55, 56, 68, 68], -1, -1, REGISTRO
[88, 132, 133, 90], [83, 84, 70, 69], -1, -1, GERAL
164, 55, 125, 15, 41.698.935-4
[481, 536, 535, 480], [58, 61, 72, 71], -1, -1, DATA DE
[481, 559, 558, 481], [86, 87, 73, 73], -1, -1, EXPEDIÇÃO
563, 59, 98, 15, 22/06/1962
[133, 88, 88, 132], [101, 99, 113, 114], -1, -1, NOME
85, 121, 319, 21, LOUZANO CONSIGLIO CASSA
[87, 150, 151, 87], [163, 165, 180, 179], -1, -1, FILIAÇÃO
83, 186, 311, 20, LENNAN SCHAEFFNER GUELLIS
82, 220, 349, 17, BAGDADI BUSQUETS EURIDES
[86, 195, 194, 87], [263, 266, 279, 278], -1, -1, NATURALIDADE
82, 281, 201, 19, CHÃ DE ALEGRIA-PE
[86, 176, 176, 85], [333, 334, 347, 345], -1, -1, DOC ORIGEM
83, 352, 220, 15, ALAGOA GRANDE-PB
180, 320, 295, 16, C.NAS=237 LV=111 FL=340
[86, 113, 112, 83], [399, 401, 414, 412], -1, -1, CPF
80, 451, 54, 15, NH 58
261, 443, 263, 19, NUSBAUM STEFFAN BENASSI
[323, 501, 500, 323], [476, 479, 465, 464], -1, -1, ASSINATURA DO DIRETOR
[323, 513, 514, 322], [506, 508, 493, 489], -1, -1, LEI Nº7 116 DE 29/08/83
637, 458, 51, 15, 9 VIA
563, 292, 95, 18, 10/11/2006
[588, 745, 745, 589], [270, 272, 287, 285], -1, -1, DATA DE NASCIMENTO
