x, y, width, height, transcription
[480, 198, 198, 482], [426, 423, 408, 411], -1, -1, VÁLIDA EM TODO O TERRITÓRIO NACIONAL
451, 382, 93, 12, 95.498.748-2
[596, 546, 545, 597], [393, 394, 383, 384], -1, -1, REGISTRO
[596, 562, 562, 597], [373, 372, 382, 382], -1, -1, GERAL
[597, 564, 566, 597], [352, 351, 359, 361], -1, -1, NOME
443, 332, 161, 12, RINK IKARI GUIDONE
[598, 548, 550, 597], [301, 299, 311, 311], -1, -1, FILIAÇÃO
410, 282, 194, 11, ABREU PALLA VALFREDO
401, 257, 202, 11, SASAOKA NANNINI RIUICHI
[596, 514, 515, 597], [236, 235, 225, 227], -1, -1, NATURALIDADE
448, 209, 154, 13, BURITINÓPOLIS-GO
321, 188, 206, 17, C.NAS=243 LV=146 FL=225
[597, 527, 527, 597], [186, 184, 173, 175], -1, -1, DOC ORIGEM
511, 161, 94, 11, LINHARES-ES
485, 134, 89, 9, 836.799.804-93
[597, 576, 577, 598], [134, 133, 123, 123], -1, -1, CPF
561, 85, 44, 12, NH 63
290, 95, 173, 14, BERTOLETTI ANNIBAL BUGNI
[414, 281, 281, 414], [81, 80, 89, 91], -1, -1, ASSINATURA DO DIRETOR
[416, 270, 270, 416], [59, 57, 70, 71], -1, -1, LEI Nº7 116 DE 29/08/83
145, 82, 34, 11, 3 VIA
168, 208, 70, 11, 24/08/1964
[216, 95, 96, 216], [233, 232, 222, 223], -1, -1, DATA DE NASCIMENTO
161, 380, 78, 12, 26/04/1968
[298, 257, 256, 298], [392, 391, 382, 381], -1, -1, DATA DE
[298, 238, 240, 299], [369, 371, 380, 380], -1, -1, EXPEDIÇÃO
