x, y, width, height, transcription
[229, 595, 595, 228], [77, 82, 66, 62], -1, -1, VÁLIDA EM TODO O TERRITÓRIO NACIONAL
145, 93, 116, 16, 12.887.048-5
[80, 146, 145, 80], [94, 95, 107, 107], -1, -1, REGISTRO
[80, 126, 125, 80], [122, 122, 111, 109], -1, -1, GERAL
[79, 120, 121, 79], [139, 139, 151, 151], -1, -1, NOME
62, 160, 282, 15, SONTAG BRONDANI DALBEN
[78, 142, 141, 77], [203, 204, 219, 218], -1, -1, FILIAÇÃO
61, 225, 305, 15, JONG VINAGREIRO FINZETTO
62, 258, 266, 15, TRENTO MITIYO SEMENCIO
77, 304, 108, 14, NATURALIDADE
77, 370, 92, 14, DOC ORIGEM
101, 421, 138, 16, 237.696.411-32
[76, 101, 102, 74], [452, 451, 438, 440], -1, -1, CPF
61, 487, 57, 15, NH 07
[313, 503, 503, 313], [543, 546, 527, 526], -1, -1, LEI Nº7 116 DE 29/08/83
251, 482, 253, 11, NAKAGUMA LUCENTE SARACHINI
[315, 487, 487, 315], [512, 514, 502, 501], -1, -1, ASSINATURA DO DIRETOR
621, 489, 49, 15, 2 VIA
61, 388, 101, 17, BELÉM-PB
[576, 726, 727, 574], [309, 310, 323, 321], -1, -1, DATA DE NASCIMENTO
62, 321, 156, 17, MARLIÉRIA-MG
545, 98, 80, 12, 01/05/1977
[467, 525, 524, 467], [98, 99, 111, 110], -1, -1, DATA DE
[466, 547, 546, 466], [125, 125, 113, 111], -1, -1, EXPEDIÇÃO
542, 326, 124, 18, 06/01/2009
157, 356, 363, 20, C.NAS=266 LV=211 FL=176
