x, y, width, height, transcription
[761, 313, 312, 760], [722, 724, 702, 697], -1, -1, VÁLIDA EM TODO O TERRITÓRIO NACIONAL
684, 652, 177, 22, 48.160.687-7
540, 565, 414, 20, ROTGER WALDAIR YANASSE
586, 484, 366, 18, UEMURA CHIAPPETTA DUPRAT
606, 440, 343, 19, ROSENTAL FUSSY LEVEZ
664, 360, 287, 25, ÁGUAS VERMELHAS-MG
538, 319, 293, 19, C.NAS=115 LV=47 FL=299
751, 276, 199, 18, CENTRALINA-MG
726, 235, 176, 19, 814.912.571-05
871, 145, 75, 19, NH 08
[642, 413, 414, 643], [103, 104, 123, 123], -1, -1, LEI Nº7 116 DE 29/08/83
498, 168, 223, 14, ISODA HANEDA RENAM
[644, 430, 432, 643], [140, 142, 156, 155], -1, -1, ASSINATURA DO DIRETOR
[942, 908, 909, 941], [197, 197, 214, 213], -1, -1, CPF
[942, 815, 816, 943], [387, 389, 374, 373], -1, -1, NATURALIDADE
[945, 870, 870, 945], [516, 515, 500, 500], -1, -1, FILIAÇÃO
[947, 868, 868, 948], [657, 657, 644, 642], -1, -1, REGISTRO
[946, 893, 894, 950], [622, 622, 638, 638], -1, -1, GERAL
[946, 895, 895, 948], [600, 600, 585, 586], -1, -1, NOME
[475, 410, 410, 476], [660, 660, 644, 644], -1, -1, DATA DE
[473, 382, 385, 474], [624, 624, 643, 641], -1, -1, EXPEDIÇÃO
260, 659, 119, 18, 18/08/2001
257, 364, 114, 18, 02/09/1951
218, 152, 59, 18, 6 VIA
[941, 834, 834, 941], [302, 301, 285, 286], -1, -1, DOC ORIGEM
[340, 150, 150, 339], [390, 391, 377, 375], -1, -1, DATA DE NASCIMENTO
393, 230, 195, 28, 81456/0376
