x, y, width, height, transcription
[736, 734, 269, 266, 737], [638, 638, 636, 616, 617], -1, -1, VÁLIDA EM TODO O TERRITÓRIO NACIONAL
681, 582, 135, 16, 25.822.625-0
[930, 847, 848, 932], [588, 587, 573, 573], -1, -1, REGISTRO
[932, 875, 875, 930], [556, 555, 569, 570], -1, -1, GERAL
515, 543, 326, 15, BELINASSI SALEZIA DULCINEIA
[932, 879, 879, 932], [535, 535, 520, 521], -1, -1, NOME
836, 505, 80, 16, FARIAS
[930, 854, 854, 932], [459, 458, 441, 442], -1, -1, FILIAÇÃO
600, 425, 317, 21, VIGETA BRAVIN CHIARINELLI
605, 385, 313, 18, MATAS ANDREAS BRETAN
[932, 800, 800, 933], [340, 339, 326, 326], -1, -1, NATURALIDADE
737, 308, 179, 16, APUCARANA-PR
533, 267, 260, 15, C.NAS=49 LV=413 FL=475
[934, 820, 822, 933], [261, 260, 246, 247], -1, -1, DOC ORIGEM
792, 228, 124, 17, APERIBÉ-RJ
717, 192, 150, 16, 278.084.848-06
[935, 901, 901, 935], [181, 180, 166, 168], -1, -1, CPF
862, 116, 57, 15, NH 37
430, 129, 283, 12, GUASCO CASCIANO BREGAGNOLO
[629, 409, 411, 629], [105, 105, 119, 119], -1, -1, ASSINATURA DO DIRETOR
[631, 392, 393, 632], [71, 70, 88, 89], -1, -1, LEI Nº7 116 DE 29/08/83
158, 112, 59, 18, 5 VIA
199, 306, 114, 16, 27/05/2006
[300, 102, 102, 301], [340, 339, 325, 324], -1, -1, DATA DE NASCIMENTO
206, 581, 106, 15, 09/09/1969
[434, 364, 365, 435], [588, 587, 572, 573], -1, -1, DATA DE
[434, 338, 338, 435], [568, 569, 555, 555], -1, -1, EXPEDIÇÃO
