x, y, width, height, transcription
[178, 460, 460, 176], [49, 52, 66, 63], -1, -1, VÁLIDA EM TODO O TERRITÓRIO NACIONAL
115, 82, 92, 12, 21.695.642-0
50, 132, 267, 12, SICHIERI MISIARA CHEAVEGATTI
[62, 94, 94, 62], [115, 115, 125, 125], -1, -1, NOME
[62, 111, 112, 62], [82, 82, 91, 90], -1, -1, REGISTRO
[62, 62, 97, 96], [92, 101, 102, 93], -1, -1, GERAL
54, 181, 198, 12, GIOVINAZZO ALI JANISSE
55, 206, 242, 12, GAROFANO BORTOLI ZUCKER
[62, 110, 109, 62], [164, 165, 176, 176], -1, -1, FILIAÇÃO
[62, 144, 143, 61], [239, 240, 250, 249], -1, -1, NATURALIDADE
54, 253, 177, 17, GRAMADO XAVIER-RS
129, 276, 182, 11, C.NAS=376 LV=195 FL=64
54, 302, 114, 12, PLANALTO-SP
84, 330, 110, 12, 684.448.403-86
55, 380, 43, 12, NH 51
[62, 82, 82, 61], [341, 342, 353, 351], -1, -1, CPF
[62, 130, 130, 62], [290, 291, 300, 300], -1, -1, DOC ORIGEM
196, 370, 197, 9, PECCIN CRISTANTE BERENGUER
[242, 377, 374, 244], [394, 395, 386, 386], -1, -1, ASSINATURA DO DIRETOR
[247, 389, 388, 242, 242], [418, 418, 406, 404, 418], -1, -1, LEI Nº7 116 DE 29/08/83
480, 381, 38, 12, 2 VIA
421, 256, 80, 12, 10/06/1965
[444, 563, 562, 444], [242, 243, 253, 252], -1, -1, DATA DE NASCIMENTO
418, 83, 79, 12, 23/10/2001
[360, 402, 402, 360], [84, 84, 94, 94], -1, -1, DATA DE
[360, 420, 418, 359], [105, 105, 95, 94], -1, -1, EXPEDIÇÃO
