x, y, width, height, transcription
[37, 33, 52, 55], [616, 252, 252, 617], -1, -1, VÁLIDA EM TODO O TERRITÓRIO NACIONAL
82, 583, 14, 104, 06.343.926-8
[93, 93, 104, 105], [770, 725, 725, 771], -1, -1, GERAL
[78, 77, 90, 90], [770, 703, 704, 770], -1, -1, REGISTRO
[122, 121, 134, 134], [770, 728, 728, 770], -1, -1, NOME
144, 478, 16, 289, AZOUBEL UEKI RUGGIERO
[186, 186, 200, 200], [769, 708, 708, 769], -1, -1, FILIAÇÃO
213, 548, 14, 213, TAGA GLENAN PERON
244, 423, 18, 340, BASTIDES MAAT CAMPANHA
[286, 284, 296, 297], [770, 663, 662, 770], -1, -1, NATURALIDADE
314, 563, 17, 203, DOIS CÓRREGOS-SP
[351, 350, 362, 363], [768, 678, 678, 768], -1, -1, DOC ORIGEM
346, 413, 15, 255, C.NAS=316 LV=346 FL=210
385, 649, 12, 116, LARANJAL-PR
[418, 418, 430, 431], [766, 742, 742, 767], -1, -1, CPF
415, 590, 15, 135, 750.046.903-91
482, 715, 14, 50, NH 45
[500, 498, 513, 516], [524, 336, 335, 524], -1, -1, LEI Nº7 116 DE 29/08/83
454, 346, 12, 241, MEGID HASEGAWA SOLIAMAN
[486, 484, 472, 474], [523, 351, 352, 522], -1, -1, ASSINATURA DO DIRETOR
474, 163, 14, 45, 1 VIA
308, 191, 15, 96, 20/07/2001
[280, 279, 290, 292], [273, 123, 123, 273], -1, -1, DATA DE NASCIMENTO
79, 192, 14, 94, 07/02/1971
[72, 71, 85, 84], [384, 326, 327, 385], -1, -1, DATA DE
[100, 99, 84, 85], [384, 307, 308, 385], -1, -1, EXPEDIÇÃO
