x, y, width, height, transcription
[65, 72, 50, 43], [738, 272, 272, 736], -1, -1, VÁLIDA EM TODO O TERRITÓRIO NACIONAL
82, 698, 19, 137, 34.087.090-4
[93, 93, 77, 77], [931, 844, 845, 929], -1, -1, REGISTRO
[112, 112, 97, 97], [931, 875, 877, 931], -1, -1, GERAL
[147, 151, 134, 134], [928, 874, 874, 928], -1, -1, NOME
[228, 229, 210, 210], [935, 853, 854, 936], -1, -1, FILIAÇÃO
240, 622, 21, 316, QIYAN FREY GOLFETTI
280, 638, 20, 296, NA ALESSA ISHISAKI
[333, 335, 319, 318], [936, 796, 798, 937], -1, -1, NATURALIDADE
349, 770, 23, 171, PALMÁCIA-CE
[415, 416, 401, 399], [940, 821, 821, 940], -1, -1, DOC ORIGEM
[514, 515, 497, 497], [941, 903, 905, 941], -1, -1, CPF
550, 887, 16, 60, NH 03
477, 728, 17, 161, 920.227.404-59
434, 767, 18, 176, GOIATUBA-GO
397, 449, 21, 363, C.NAS=280 LV=492 FL=266
362, 189, 20, 98, 28/11/1972
[343, 347, 331, 328], [327, 133, 133, 328], -1, -1, DATA DE NASCIMENTO
94, 214, 16, 114, 27/03/2008
[104, 105, 89, 89], [436, 364, 365, 440], -1, -1, DATA DE
[120, 123, 105, 104], [437, 338, 338, 439], -1, -1, EXPEDIÇÃO
160, 440, 22, 495, WHITAKER CRESTANA REMORINI
[613, 617, 598, 595], [641, 407, 407, 643], -1, -1, LEI Nº7 116 DE 29/08/83
549, 433, 15, 292, PALAURO FACHETTI URSCHEI
565, 164, 16, 52, 5 VIA
[586, 589, 574, 571], [643, 409, 410, 643], -1, -1, ASSINATURA DO DIRETOR
