x, y, width, height, transcription
[507, 504, 523, 524], [211, 581, 581, 209], -1, -1, VÁLIDA EM TODO O TERRITÓRIO NACIONAL
476, 149, 15, 116, 31.826.500-3
[491, 489, 477, 476], [50, 123, 123, 48], -1, -1, REGISTRO
[461, 460, 473, 473], [50, 100, 99, 49], -1, -1, GERAL
[421, 419, 435, 434], [50, 95, 94, 50], -1, -1, NOME
430, 129, 20, 313, LAZARETTI HORTAL BEGUELDO
381, 129, 14, 281, BACHESCHI BELLINETTI SIMEIA
[366, 366, 381, 380], [50, 118, 117, 50], -1, -1, FILIAÇÃO
326, 68, 20, 280, SANDY LEONDINO SOLEDAD
298, 128, 12, 70, MENDES
[275, 274, 289, 289], [52, 163, 163, 52], -1, -1, NATURALIDADE
258, 51, 14, 238, SERRA DO RAMALHO-BA
[211, 210, 194, 194], [50, 148, 148, 50], -1, -1, DOC ORIGEM
[134, 133, 120, 120], [50, 79, 79, 50], -1, -1, CPF
199, 166, 20, 163, CONSOLAÇÃO-MG
173, 167, 21, 382, CMC= SANTA MARIA DO SUAÇUÍ-MG ,SEDE
146, 166, 15, 231, C.NAS=97 LV=88 FL=451
121, 89, 14, 133, 271.325.470-11
[37, 34, 50, 51], [296, 493, 493, 296], -1, -1, LEI Nº7 116 DE 29/08/83
[59, 57, 70, 70], [304, 489, 488, 303], -1, -1, ASSINATURA DO DIRETOR
88, 386, 9, 190, SAVITSKY MARZOCCHI ISOBE
[288, 286, 273, 273], [548, 712, 712, 546], -1, -1, DATA DE NASCIMENTO
470, 501, 20, 98, 06/11/1974
[458, 458, 475, 473], [416, 499, 499, 416], -1, -1, EXPEDIÇÃO
[489, 489, 475, 474], [416, 479, 478, 417], -1, -1, DATA DE
254, 501, 18, 115, 31/03/1967
