x, y, width, height, transcription
[737, 276, 276, 738], [642, 632, 611, 622], -1, -1, VÁLIDA EM TODO O TERRITÓRIO NACIONAL
663, 586, 167, 20, 73.409.707-4
619, 510, 310, 20, ZELLER ROMAGNA PA
[932, 855, 855, 933], [462, 460, 478, 478], -1, -1, FILIAÇÃO
[931, 848, 848, 932], [607, 605, 591, 593], -1, -1, REGISTRO
[932, 875, 875, 932], [575, 574, 588, 589], -1, -1, GERAL
[932, 879, 879, 933], [539, 538, 554, 554], -1, -1, NOME
647, 431, 283, 20, SIVI CHARRY EDNEY
662, 392, 269, 20, NADJA IRLAINE IAK
[933, 800, 800, 934], [345, 344, 357, 361], -1, -1, NATURALIDADE
[933, 821, 822, 935], [268, 267, 281, 283], -1, -1, DOC ORIGEM
[933, 901, 901, 934], [187, 188, 202, 202], -1, -1, CPF
865, 121, 68, 18, NH 73
692, 195, 189, 20, 485.441.245-34
746, 232, 185, 23, PIRITIBA-BA
435, 271, 371, 22, C.NAS=305 LV=295 FL=69
635, 311, 295, 29, IRACEMÁPOLIS-SP
202, 303, 124, 19, 27/04/2010
[308, 117, 117, 308], [347, 344, 329, 333], -1, -1, DATA DE NASCIMENTO
174, 108, 59, 18, 8 VIA
192, 576, 132, 19, 15/02/1993
[441, 371, 370, 442], [583, 581, 596, 598], -1, -1, DATA DE
[442, 346, 346, 442], [564, 563, 581, 583], -1, -1, EXPEDIÇÃO
[631, 390, 391, 632], [71, 67, 86, 91], -1, -1, LEI Nº7 116 DE 29/08/83
[629, 412, 412, 629], [109, 102, 116, 122], -1, -1, ASSINATURA DO DIRETOR
