x, y, width, height, transcription
[232, 222, 201, 175, 136, 103, 73, 59, 51, 83, 126, 162, 192, 214], [74, 84, 69, 57, 52, 58, 75, 86, 73, 54, 40, 40, 50, 60], -1, -1, REPÚBLICA FEDERATIVA DO BRASIL
[259, 250, 241, 220, 191, 164, 166, 217, 241, 249], [70, 79, 69, 55, 40, 31, 19, 36, 53, 59], -1, -1, 15 DE NOVEMBRO
[92, 87, 69, 49, 41, 50, 72], [41, 30, 36, 49, 56, 63, 49], -1, -1, DE 1889
262, 278, 157, 15, MINISTÉRIO DA FAZENDA
250, 258, 170, 14, SECRETARIA DA RECEITA FEDERAL
275, 198, 125, 53, CPF
252, 176, 224, 17, CADASTRO DE PESSOAS FÍSICAS
351, 148, 128, 16, NÚMERO DE INSCRIÇÃO
255, 110, 207, 30, 637.168.284-91
441, 96, 38, 13, NOME
239, 69, 225, 25, RENNA DWECK DUCCI
405, 30, 73, 15, NASCIMENTO
302, 32, 89, 22, 06/04/1965
