x, y, width, height, transcription
[379, 372, 428, 460, 495, 529, 559, 594, 618, 599, 562, 529, 464, 428], [311, 324, 357, 367, 372, 370, 361, 345, 326, 315, 342, 351, 349, 339], -1, -1, REPÚBLICA FEDERATIVA DO BRASIL
[351, 340, 369, 410, 452, 467, 469, 469, 429, 370], [317, 330, 360, 384, 398, 398, 382, 376, 370, 334], -1, -1, 15 DE NOVEMBRO
[564, 569, 610, 632, 617, 588], [373, 388, 368, 348, 337, 362], -1, -1, DE 1889
121, 40, 229, 25, MINISTÉRIO DA FAZENDA
121, 68, 231, 28, RECEITA FEDERAL
138, 108, 165, 77, CPF
42, 187, 268, 22, CADASTRO DE PESSOAS FÍSICAS
40, 212, 194, 21, NÚMERO DE INSCRIÇÃO
44, 234, 275, 37, 431.848.027-52
42, 278, 63, 18, NOME
42, 303, 316, 29, PIRONATO ERASTO FUT
42, 351, 125, 22, NASCIMENTO
44, 374, 142, 29, 11/12/1964
