x, y, width, height, transcription
438, 138, 25, 267, MINISTÉRIO DA FAZENDA
406, 139, 26, 286, SECRETARIA DA RECEITA FEDERAL
311, 180, 91, 201, CPF
269, 51, 29, 368, CADASTRO DE PESSOAS FÍSICAS
238, 44, 26, 217, NÚMERO DE INSCRIÇÃO
194, 45, 40, 296, 534.181.924-16
149, 49, 27, 57, NOME
110, 43, 32, 398, SOBRINO PETERLINI JOSE
59, 51, 21, 126, NASCIMENTO
32, 49, 28, 133, 06/11/1977
[112, 86, 67, 64, 64, 80, 98, 118, 136, 114, 91, 86, 96, 112, 130], [456, 503, 558, 594, 648, 688, 738, 759, 743, 721, 642, 591, 528, 500, 470], -1, -1, REPÚBLICA FEDERATIVA DO BRASIL
[115, 97, 79, 61, 38, 30, 56, 57, 76, 95], [443, 433, 458, 481, 529, 567, 573, 543, 495, 463], -1, -1, DE NOVEMBRO
[65, 50, 56, 73, 88, 98, 76], [689, 698, 722, 753, 774, 758, 721], -1, -1, DE 1889
