x, y, width, height, transcription
161, 45, 283, 26, MINISTÉRIO DA FAZENDA
162, 73, 283, 36, RECEITA FEDERAL
183, 122, 203, 89, CPF
61, 214, 332, 24, CADASTRO DE PESSOAS FÍSICAS
62, 242, 237, 21, NÚMERO DE INSCRIÇÃO
58, 271, 322, 43, 038.587.080-97
60, 320, 74, 25, NOME
61, 407, 152, 25, NASCIMENTO
50, 361, 482, 30, BASSOI CARRIAO BOTOVCHENCO
61, 448, 127, 28, 28/07/1963
[534, 599, 624, 667, 703, 753, 777, 765, 745, 713, 670, 640, 593, 557, 513, 507, 538], [411, 429, 431, 432, 418, 397, 375, 359, 373, 389, 404, 407, 405, 393, 379, 397, 414], -1, -1, BLICA FEDERATIVA DO BRASIL
[710, 716, 742, 759, 790, 795, 781, 762, 745, 712], [427, 443, 440, 425, 407, 398, 390, 402, 409, 425], -1, -1, DE 1889
[458, 487, 515, 559, 585, 588, 565, 529, 505, 477, 462, 452, 461], [409, 425, 440, 454, 459, 437, 433, 423, 410, 399, 388, 404, 411], -1, -1, 15 DE NOVEMBRO
