x, y, width, height, transcription
437, 155, 25, 262, MINISTÉRIO DA FAZENDA
409, 153, 22, 288, SECRETARIA DA RECEITA FEDERAL
312, 193, 86, 206, CPF
281, 64, 24, 372, CADASTRO DE PESSOAS FÍSICAS
236, 61, 25, 210, NÚMERO DE INSCRIÇÃO
190, 53, 41, 299, 715.889.927-64
153, 59, 24, 66, NOME
125, 51, 25, 288, LAPOLLA LUIZ DONADELLI
52, 59, 23, 118, NASCIMENTO
19, 51, 30, 152, 07/04/1990
[117, 98, 79, 61, 61, 68, 86, 106, 114, 132, 113, 89, 84, 102, 124, 130], [464, 483, 520, 583, 628, 694, 732, 759, 769, 752, 723, 665, 590, 518, 486, 476], -1, -1, REPÚBLICA FEDERATIVA DO BRASIL
[65, 60, 45, 59, 84, 93, 104, 75], [697, 697, 706, 739, 778, 784, 765, 731], -1, -1, DE 1889
[100, 78, 55, 34, 31, 52, 62, 86, 109, 120, 101], [426, 456, 488, 544, 581, 583, 527, 479, 451, 437, 422], -1, -1, 15 DE NOVEMBRO
