x, y, width, height, transcription
[485, 491, 537, 591, 636, 689, 741, 752, 751, 711, 629, 562, 509, 471], [410, 411, 441, 451, 443, 428, 399, 409, 419, 445, 470, 467, 445, 428], -1, -1, PÚBLICA FEDERATIVA DO BRASIL
[429, 417, 446, 481, 525, 567, 565, 514, 448], [405, 423, 450, 472, 490, 502, 481, 467, 429], -1, -1, 15 DE NOVEMBRO
[687, 697, 717, 747, 771, 754, 720], [471, 489, 477, 467, 445, 430, 454], -1, -1, DE 1889
143, 45, 259, 26, MINISTÉRIO DA FAZENDA
141, 82, 288, 23, SECRETARIA DA RECEITA FEDERAL
183, 114, 201, 97, CPF
55, 220, 371, 31, CADASTRO DE PESSOAS FÍSICAS
49, 260, 212, 27, NÚMERO DE INSCRIÇÃO
46, 295, 297, 41, 181.355.998-89
49, 355, 65, 26, NOME
46, 386, 322, 29, BAGDADI WADA LOMBA
49, 453, 129, 24, NASCIMENTO
45, 481, 134, 29, 30/01/2015
