x, y, width, height, transcription
[380, 394, 443, 473, 514, 554, 585, 607, 614, 601, 589, 559, 539, 495, 470, 432, 401, 387, 379], [326, 339, 359, 363, 364, 357, 345, 325, 317, 307, 318, 333, 341, 351, 347, 338, 321, 311, 323], -1, -1, EPÚBLICA FEDERATIVA DO BRASIL
[353, 388, 421, 451, 463, 465, 442, 411, 387, 371, 351, 339, 354], [344, 367, 383, 391, 391, 375, 373, 358, 345, 333, 317, 329, 343], -1, -1, 15 DE NOVEMBRO
[565, 571, 622, 624, 611, 597, 584, 564], [371, 379, 351, 343, 335, 348, 357, 369], -1, -1, DE 1889
124, 39, 225, 20, MINISTÉRIO DA FAZENDA
126, 64, 225, 25, RECEITA FEDERAL
143, 103, 157, 75, CPF
47, 178, 262, 23, CADASTRO DE PESSOAS FÍSICAS
46, 205, 189, 17, NÚMERO DE INSCRIÇÃO
39, 230, 235, 34, 090.490.924-70
43, 272, 61, 17, NOME
33, 296, 283, 25, PESTILHO MUNIR VASSAO
42, 343, 123, 21, NASCIMENTO
38, 377, 126, 28, 06/01/1963
