x, y, width, height, transcription
[187, 199, 193, 183, 176, 165, 170, 175, 185, 187], [752, 744, 733, 716, 702, 703, 716, 729, 747, 752], -1, -1, DE 1889
[232, 208, 201, 196, 196, 199, 209, 232, 232, 221, 209, 198, 188, 181, 180, 182, 187, 196, 213, 223, 231], [747, 712, 689, 669, 641, 623, 594, 554, 548, 545, 560, 580, 604, 635, 651, 680, 698, 726, 747, 764, 746], -1, -1, REPÚBLICA FEDERATIVA DO BRASIL
[167, 167, 175, 190, 207, 215, 220, 202, 193, 185, 177, 168, 167], [615, 605, 581, 553, 532, 525, 533, 556, 566, 586, 613, 617, 613], -1, -1, 15 DE NOVEMBRO
28, 40, 26, 124, 29/10/1989
49, 18, 21, 139, NASCIMENTO
89, 38, 28, 348, ORESTE PORFIRIO THIELLY
141, 19, 25, 70, NOME
210, 38, 38, 279, 216.853.401-21
255, 18, 25, 243, NÚMERO DE INSCRIÇÃO
377, 211, 50, 123, CPF
437, 168, 26, 205, RECEITA FEDERAL
473, 165, 18, 256, MINISTÉRIO DA FAZENDA
