x, y, width, height, transcription
[367, 406, 447, 505, 560, 584, 607, 593, 549, 490, 446, 398, 375], [336, 362, 376, 376, 367, 349, 333, 318, 347, 361, 358, 341, 320], -1, -1, REPÚBLICA FEDERATIVA DO BRASIL
[337, 330, 339, 355, 378, 413, 449, 457, 458, 422, 368], [328, 338, 349, 363, 378, 394, 405, 405, 388, 382, 351], -1, -1, 15 DE NOVEMBRO
[550, 557, 579, 599, 617, 607, 582], [376, 392, 384, 373, 360, 345, 366], -1, -1, DE 1889
113, 41, 208, 20, MINISTÉRIO DA FAZENDA
112, 67, 236, 19, SECRETARIA DA RECEITA FEDERAL
142, 93, 165, 77, CPF
43, 179, 298, 25, CADASTRO DE PESSOAS FÍSICAS
37, 211, 169, 20, NÚMERO DE INSCRIÇÃO
36, 233, 249, 36, 471.319.950-88
37, 287, 54, 18, NOME
35, 300, 227, 25, REY BELCHOL PADIAL
37, 365, 106, 20, NASCIMENTO
36, 380, 117, 26, 04/04/1965
