x, y, width, height, transcription
40, 435, 27, 266, MINISTÉRIO DA FAZENDA
72, 414, 27, 287, SECRETARIA DA RECEITA FEDERAL
104, 452, 89, 207, CPF
208, 415, 27, 376, CADASTRO DE PESSOAS FÍSICAS
243, 577, 24, 214, NÚMERO DE INSCRIÇÃO
269, 499, 41, 298, 367.409.936-53
330, 727, 26, 61, NOME
347, 514, 33, 280, LUJAN UCHA AYA
421, 657, 23, 132, NASCIMENTO
445, 633, 33, 163, 27/09/2005
[388, 420, 439, 439, 428, 391, 378, 364, 376, 390, 409, 421, 397, 377], [377, 327, 265, 207, 135, 79, 73, 88, 97, 122, 170, 233, 321, 353], -1, -1, REPÚBLICA FEDERATIVA DO BRASIL
[398, 401, 445, 463, 469, 446, 427, 389], [420, 417, 353, 307, 263, 259, 341, 400], -1, -1, 15 DE NOVEMBRO
[436, 457, 442, 413, 399, 427], [143, 136, 100, 60, 73, 111], -1, -1, DE 1889
