x, y, width, height, transcription
[367, 333, 289, 258, 212, 143, 120, 93, 65, 81, 100, 137, 166, 214, 261, 304, 327, 363, 364], [122, 102, 83, 75, 74, 81, 93, 107, 127, 144, 129, 117, 104, 95, 93, 105, 125, 139, 120], -1, -1, REPÚBLICA FEDERATIVA DO BRASIL
[130, 121, 99, 51, 63, 79, 97, 130], [75, 56, 66, 97, 115, 97, 89, 79], -1, -1, DE 1889
[388, 367, 342, 307, 269, 261, 253, 287, 314, 355, 373, 399, 407, 409, 384], [99, 81, 69, 54, 48, 43, 60, 69, 77, 97, 113, 131, 122, 107, 99], -1, -1, 15 DE NOVEMBRO
423, 445, 265, 24, MINISTÉRIO DA FAZENDA
398, 417, 288, 20, SECRETARIA DA RECEITA FEDERAL
440, 320, 211, 92, CPF
407, 288, 376, 27, CADASTRO DE PESSOAS FÍSICAS
573, 244, 210, 23, NÚMERO DE INSCRIÇÃO
472, 188, 317, 43, 323.660.704-11
725, 160, 58, 21, NOME
445, 112, 346, 31, VASQUEZ ESCRIPTORIO 
665, 61, 121, 22, NASCIMENTO
629, 30, 160, 32, 21/07/1995
