x, y, width, height, transcription
114, 32, 213, 21, MINISTÉRIO DA FAZENDA
114, 58, 230, 22, SECRETARIA DA RECEITA FEDERAL
151, 87, 159, 75, CPF
45, 171, 295, 25, CADASTRO DE PESSOAS FÍSICAS
41, 203, 169, 20, NÚMERO DE INSCRIÇÃO
38, 229, 244, 34, 731.326.670-72
41, 277, 47, 21, NOME
39, 300, 320, 25, HUEHARA SCLIFO AURICCHIO
42, 358, 102, 19, NASCIMENTO
37, 378, 106, 24, 01/09/1984
[395, 423, 443, 477, 516, 537, 557, 573, 589, 595, 603, 609, 594, 556, 512, 458, 423, 398, 382], [323, 342, 351, 354, 353, 348, 336, 329, 317, 309, 310, 327, 334, 356, 367, 372, 363, 347, 335], -1, -1, REPÚBLICA FEDERATIVA DO BRASIL
[555, 560, 570, 579, 599, 618, 621, 607, 579], [371, 385, 379, 375, 366, 354, 348, 337, 361], -1, -1, DE 1889
[331, 350, 355, 394, 429, 457, 457, 421, 393, 363, 347], [332, 319, 337, 357, 374, 381, 395, 391, 376, 361, 343], -1, -1, 15 DE NOVEMBRO
