x, y, width, height, transcription
[111, 86, 69, 64, 68, 74, 86, 106, 117, 135, 120, 98, 86, 83, 96, 127], [475, 515, 570, 623, 665, 697, 719, 761, 773, 757, 736, 692, 647, 606, 550, 497], -1, -1, EPÚBLICA FEDERATIVA DO BRASIL
[62, 50, 64, 78, 92, 106, 81], [707, 713, 737, 774, 787, 773, 737], -1, -1, DE 1889
[101, 54, 39, 33, 58, 62, 77, 92, 115, 105], [437, 506, 551, 585, 588, 543, 509, 479, 447, 432], -1, -1, 15 DE NOVEMBRO
432, 149, 24, 263, MINISTÉRIO DA FAZENDA
400, 149, 25, 286, SECRETARIA DA RECEITA FEDERAL
305, 188, 85, 204, CPF
272, 55, 23, 378, CADASTRO DE PESSOAS FÍSICAS
227, 56, 27, 211, NÚMERO DE INSCRIÇÃO
181, 67, 40, 296, 451.563.181-00
145, 54, 24, 60, NOME
115, 64, 32, 415, KAWASETSU HIBARI RYUKI
44, 59, 28, 118, NASCIMENTO
15, 60, 30, 134, 06/12/1982
