x, y, width, height, transcription
[111, 101, 85, 73, 64, 66, 71, 71, 81, 98, 113, 100, 86, 86, 84, 88, 97, 115, 123, 111], [368, 379, 405, 437, 479, 518, 533, 547, 571, 599, 587, 567, 539, 511, 472, 445, 418, 391, 377, 368], -1, -1, REPÚBLICA FEDERATIVA DO BRASIL
[99, 95, 79, 63, 49, 42, 41, 54, 58, 63, 74, 85, 94, 109, 115, 98], [340, 343, 363, 385, 413, 442, 460, 461, 444, 424, 401, 383, 371, 353, 347, 339], -1, -1, 15 DE NOVEMBRO
[55, 59, 66, 81, 86, 99, 87, 76, 67, 55], [567, 585, 599, 622, 627, 614, 599, 579, 559, 566], -1, -1, DE 1889
385, 113, 22, 213, MINISTÉRIO DA FAZENDA
364, 117, 17, 225, SECRETARIA DA RECEITA FEDERAL
276, 149, 79, 161, CPF
250, 42, 21, 301, CADASTRO DE PESSOAS FÍSICAS
215, 42, 20, 168, NÚMERO DE INSCRIÇÃO
162, 43, 36, 259, 593.120.602-79
145, 41, 14, 51, NOME
109, 43, 25, 244, MIYATA BARTH TAVANE
55, 41, 20, 97, NASCIMENTO
28, 44, 24, 106, 03/07/2012
