x, y, width, height, transcription
[491, 479, 544, 618, 664, 706, 743, 786, 773, 724, 642, 539], [380, 400, 436, 448, 447, 440, 425, 396, 379, 412, 431, 413], -1, -1, REPÚBLICA FEDERATIVA DO BRASIL
[435, 450, 478, 525, 593, 591, 515, 462, 450, 437], [402, 393, 416, 443, 463, 481, 459, 428, 420, 411], -1, -1, 15 DE NOVEMBRO
[796, 767, 731, 721, 714, 789], [428, 453, 465, 465, 449, 412], -1, -1, DE 1889
150, 50, 271, 24, MINISTÉRIO DA FAZENDA
151, 79, 296, 26, SECRETARIA DA RECEITA FEDERAL
193, 114, 212, 88, CPF
59, 212, 383, 29, CADASTRO DE PESSOAS FÍSICAS
56, 247, 218, 26, NÚMERO DE INSCRIÇÃO
53, 287, 274, 37, 844.868.401-00
57, 340, 65, 20, NOME
54, 356, 312, 30, BURATINI DIAZ GIOLO
59, 431, 127, 26, NASCIMENTO
58, 452, 142, 29, 11/02/1989
