x, y, width, height, transcription
[362, 381, 410, 425, 431, 427, 400, 375, 366, 396, 411, 402, 385], [375, 391, 342, 298, 247, 188, 109, 85, 105, 152, 229, 303, 343], -1, -1, REPÚBLICA FEDERATIVA DO BRASIL
[369, 386, 411, 433, 453, 464, 440, 430, 411, 392], [422, 434, 406, 372, 328, 282, 278, 323, 367, 400], -1, -1, 15 DE NOVEMBRO
[431, 450, 436, 425, 409, 394, 419], [157, 150, 125, 91, 69, 86, 124], -1, -1, DE 1889
34, 444, 26, 268, MINISTÉRIO DA FAZENDA
64, 420, 27, 292, SECRETARIA DA RECEITA FEDERAL
98, 463, 89, 205, CPF
196, 421, 28, 385, CADASTRO DE PESSOAS FÍSICAS
229, 591, 29, 212, NÚMERO DE INSCRIÇÃO
268, 527, 38, 284, 066.156.702-83
320, 744, 27, 57, NOME
357, 510, 30, 301, PADOVEZE CIMINELL
414, 675, 24, 132, NASCIMENTO
446, 683, 28, 129, 18/03/1991
