x, y, width, height, transcription
[380, 392, 407, 417, 431, 425, 419, 405, 380, 363, 380, 401, 409, 401, 373, 365], [368, 354, 328, 298, 242, 196, 143, 120, 78, 88, 120, 164, 227, 282, 352, 355], -1, -1, REPÚBLICA FEDERATIVA DO BRASIL
[426, 447, 439, 429, 415, 401, 391, 419], [142, 138, 116, 100, 68, 54, 70, 109], -1, -1, DE 1889
[371, 385, 404, 425, 453, 458, 438, 436, 418, 403], [402, 415, 394, 363, 304, 260, 258, 282, 330, 365], -1, -1, 15 DE NOVEMBRO
32, 430, 25, 257, MINISTÉRIO DA FAZENDA
63, 406, 25, 283, SECRETARIA DA RECEITA FEDERAL
100, 444, 84, 201, CPF
201, 407, 24, 374, CADASTRO DE PESSOAS FÍSICAS
233, 573, 28, 210, NÚMERO DE INSCRIÇÃO
264, 495, 38, 285, 029.232.665-36
325, 716, 24, 63, NOME
345, 374, 30, 406, ARDUINO AUZIER IAMAGUTE
414, 652, 27, 126, NASCIMENTO
438, 643, 28, 132, 18/06/1976
