x, y, width, height, transcription
[374, 388, 347, 294, 222, 173, 119, 83, 94, 121, 179, 235, 300, 347], [141, 115, 94, 74, 63, 73, 91, 119, 138, 125, 98, 92, 101, 119], -1, -1, REPÚBLICA FEDERATIVA DO BRASIL
[413, 432, 379, 301, 265, 269, 342, 387], [130, 111, 72, 41, 37, 58, 78, 106], -1, -1, 15 DE NOVEMBRO
[151, 145, 114, 87, 66, 79, 122], [67, 51, 62, 76, 93, 105, 77], -1, -1, DE 1889
437, 440, 267, 23, MINISTÉRIO DA FAZENDA
415, 412, 288, 22, SECRETARIA DA RECEITA FEDERAL
457, 317, 213, 86, CPF
418, 274, 379, 27, CADASTRO DE PESSOAS FÍSICAS
585, 241, 207, 29, NÚMERO DE INSCRIÇÃO
521, 203, 273, 37, 782.159.823-28
727, 151, 68, 25, NOME
429, 110, 362, 30, BACCILI ALMGREN SAKIY
666, 57, 125, 26, NASCIMENTO
628, 22, 169, 33, 01/07/2017
