x, y, width, height, transcription
[374, 388, 341, 281, 196, 152, 109, 84, 99, 139, 204, 251, 302, 338], [144, 126, 93, 77, 72, 88, 106, 128, 142, 117, 98, 98, 108, 123], -1, -1, PÚBLICA FEDERATIVA DO BRASIL
[435, 419, 397, 351, 306, 270, 275, 338, 384, 414], [114, 132, 114, 89, 72, 60, 42, 52, 79, 97], -1, -1, 15 DE NOVEMBRO
[154, 145, 124, 76, 69, 82, 124], [74, 53, 68, 90, 101, 111, 83], -1, -1, DE 1889
440, 444, 266, 27, MINISTÉRIO DA FAZENDA
417, 414, 288, 25, SECRETARIA DA RECEITA FEDERAL
459, 316, 207, 91, CPF
419, 276, 375, 28, CADASTRO DE PESSOAS FÍSICAS
584, 242, 214, 28, NÚMERO DE INSCRIÇÃO
503, 198, 298, 41, 735.193.646-38
733, 156, 64, 27, NOME
419, 131, 385, 29, SCHUTZER DENNYS SKIELKA
678, 95, 124, 29, ARAGAO
668, 66, 130, 22, NASCIMENTO
679, 34, 123, 26, 20/06/1950
