x, y, width, height, transcription
[108, 131, 105, 85, 63, 53, 26, 50, 70], [407, 429, 455, 493, 534, 574, 566, 508, 468], -1, -1, 15 DE NOVEMBRO
[122, 136, 111, 96, 85, 89, 117, 137, 119, 89, 72, 58, 75, 89, 102], [455, 476, 514, 555, 595, 642, 705, 748, 755, 706, 665, 612, 546, 504, 488], -1, -1, PÚBLICA FEDERATIVA DO BRASIL
[46, 67, 81, 104, 89, 63], [694, 688, 717, 768, 775, 725], -1, -1, DE 1889
458, 143, 21, 267, MINISTÉRIO DA FAZENDA
427, 142, 26, 290, SECRETARIA DA RECEITA FEDERAL
320, 189, 101, 198, CPF
281, 49, 29, 378, CADASTRO DE PESSOAS FÍSICAS
247, 47, 24, 212, NÚMERO DE INSCRIÇÃO
198, 47, 45, 333, 741.752.575-00
156, 50, 21, 64, NOME
116, 41, 29, 416, ZVEIBIL CLAGNAN CARREIRO
56, 49, 21, 137, NASCIMENTO
23, 45, 37, 196, 28/01/2016
