x, y, width, height, transcription
44, 440, 23, 260, MINISTÉRIO DA FAZENDA
72, 418, 23, 280, SECRETARIA DA RECEITA FEDERAL
104, 457, 90, 205, CPF
199, 418, 25, 373, CADASTRO DE PESSOAS FÍSICAS
242, 581, 27, 211, NÚMERO DE INSCRIÇÃO
269, 512, 38, 285, 059.890.470-02
327, 727, 21, 68, NOME
357, 449, 30, 345, MINESH FABREGAT STO
429, 671, 24, 123, NASCIMENTO
456, 648, 29, 141, 19/09/1957
[373, 389, 412, 439, 443, 443, 435, 414, 386, 371, 396, 415, 422, 406, 398], [370, 380, 345, 280, 253, 216, 170, 116, 78, 93, 122, 175, 251, 306, 325], -1, -1, REPÚBLICA FEDERATIVA DO BRASIL
[417, 401, 425, 436, 446, 456, 442], [64, 82, 107, 136, 151, 144, 104], -1, -1, DE 1889
[393, 381, 408, 434, 448, 455, 472, 453, 433, 419], [425, 410, 376, 331, 299, 267, 274, 339, 378, 403], -1, -1, 15 DE NOVEMBRO
