x, y, width, height, transcription
138, 27, 207, 19, MINISTÉRIO DA FAZENDA
136, 51, 169, 21, RECEITA FEDERAL
175, 77, 95, 39, CPF
23, 136, 324, 18, CADASTRO DE PESSOAS FÍSICAS
21, 192, 194, 23, NÚMERO DE INSCRIÇÃO
37, 245, 244, 34, 196.768.581-96
21, 279, 57, 16, NOME
34, 296, 293, 25, FIGLIOLI BARTOLOMEI SER
21, 351, 109, 23, NASCIMENTO
32, 370, 89, 22, 07/09/1952
[445, 454, 481, 516, 559, 586, 611, 618, 599, 562, 520, 486, 463], [238, 229, 247, 259, 258, 244, 229, 239, 255, 270, 271, 262, 253], -1, -1, REPÚBLICA FEDERATIVA DO BRASIL
[429, 438, 449, 471, 492, 508, 504, 463, 443], [247, 239, 248, 262, 274, 277, 288, 272, 259], -1, -1, 15 DE NOVEMBRO
[570, 574, 595, 609, 614, 609, 588, 585], [273, 283, 280, 270, 266, 259, 266, 271], -1, -1, DE 1889
