x, y, width, height, transcription
[524, 516, 543, 589, 628, 665, 699, 721, 710, 688, 670, 642, 595, 558], [260, 273, 292, 310, 311, 306, 290, 275, 265, 275, 287, 296, 294, 280], -1, -1, REPÚBLICA FEDERATIVA DO BRASIL
[507, 498, 520, 563, 587, 590, 557, 528], [271, 283, 302, 321, 329, 317, 305, 290], -1, -1, 15 DE NOVEMBRO
[662, 665, 683, 703, 709, 688, 676], [315, 324, 324, 314, 301, 303, 309], -1, -1, DE 1889
187, 65, 184, 26, RECEITA FEDERAL
222, 94, 111, 45, CPF
50, 152, 366, 28, CADASTRO DE PESSOAS FÍSICAS
[43, 44, 270, 270], [216, 237, 244, 222], -1, -1, NÚMERO DE INSCRIÇÃO
49, 251, 284, 38, 055.543.025-13
[37, 34, 105, 103, 99], [312, 338, 339, 323, 318], -1, -1, NOME
48, 336, 414, 29, VALDOSKI JULIANA SARRACINI
32, 400, 128, 29, NASCIMENTO
44, 432, 178, 34, 08/03/1993
