x, y, width, height, transcription
137, 40, 266, 27, MINISTÉRIO DA FAZENDA
137, 72, 287, 27, SECRETARIA DA RECEITA FEDERAL
179, 104, 207, 89, CPF
47, 208, 376, 27, CADASTRO DE PESSOAS FÍSICAS
47, 243, 214, 24, NÚMERO DE INSCRIÇÃO
41, 269, 298, 41, 597.553.659-66
50, 330, 61, 26, NOME
43, 347, 526, 33, CARNEVSKIS RAIMUNDO ZANCAN
49, 421, 132, 23, NASCIMENTO
44, 445, 160, 33, 12/11/1953
[461, 511, 573, 631, 703, 759, 765, 750, 741, 716, 668, 605, 517, 485], [388, 420, 439, 439, 428, 391, 378, 364, 376, 390, 409, 421, 397, 377], -1, -1, REPÚBLICA FEDERATIVA DO BRASIL
[418, 421, 485, 531, 575, 579, 497, 438], [398, 401, 445, 463, 469, 446, 427, 389], -1, -1, 15 DE NOVEMBRO
[695, 702, 738, 778, 765, 727], [436, 457, 442, 413, 399, 427], -1, -1, DE 1889
