x, y, width, height, transcription
[309, 323, 341, 356, 367, 362, 354, 338, 318, 307, 318, 329, 342, 347, 341, 329], [299, 308, 280, 245, 194, 161, 123, 88, 69, 78, 92, 118, 161, 205, 242, 268], -1, -1, REPÚBLICA FEDERATIVA DO BRASIL
[315, 330, 341, 359, 381, 391, 391, 373, 362, 329], [330, 344, 326, 307, 271, 228, 214, 216, 272, 320], -1, -1, 15 DE NOVEMBRO
[366, 379, 373, 359, 342, 331, 357], [122, 115, 96, 72, 50, 64, 98], -1, -1, DE 1889
25, 350, 22, 208, MINISTÉRIO DA FAZENDA
53, 329, 16, 231, SECRETARIA DA RECEITA FEDERAL
77, 365, 76, 161, CPF
159, 333, 20, 297, CADASTRO DE PESSOAS FÍSICAS
199, 467, 20, 165, NÚMERO DE INSCRIÇÃO
231, 352, 38, 280, 844.045.846-01
271, 584, 18, 48, NOME
305, 358, 25, 274, ALBEJANTE CALLIL SINJI
334, 534, 19, 96, NASCIMENTO
357, 524, 25, 108, 28/12/1967
