x, y, width, height, transcription
[471, 454, 484, 541, 593, 654, 699, 757, 741, 691, 609, 541, 494], [393, 415, 431, 460, 469, 467, 448, 411, 399, 427, 449, 436, 412], -1, -1, REPÚBLICA FEDERATIVA DO BRASIL
[427, 414, 457, 504, 563, 567, 569, 483, 452], [405, 418, 454, 484, 499, 500, 477, 446, 426], -1, -1, 15 DE NOVEMBRO
[689, 697, 735, 779, 761, 714], [468, 484, 470, 439, 427, 451], -1, -1, DE 1889
142, 44, 264, 26, MINISTÉRIO DA FAZENDA
141, 76, 288, 25, SECRETARIA DA RECEITA FEDERAL
180, 112, 205, 91, CPF
51, 217, 370, 29, CADASTRO DE PESSOAS FÍSICAS
51, 254, 210, 29, NÚMERO DE INSCRIÇÃO
46, 303, 310, 42, 540.570.668-02
50, 348, 60, 26, NOME
46, 382, 319, 34, YASSER PELISSON 
48, 449, 127, 24, NASCIMENTO
45, 474, 162, 33, 20/02/1953
