x, y, width, height, transcription
[361, 350, 334, 289, 244, 184, 139, 98, 90, 86, 91, 122, 163, 199, 279, 326, 368, 384, 364, 357], [133, 120, 111, 93, 88, 93, 109, 136, 134, 124, 112, 92, 81, 69, 70, 84, 108, 117, 133, 131], -1, -1, PÚBLICA FEDERATIVA DO BRASIL
414, 428, 282, 23, MINISTÉRIO DA FAZENDA
410, 391, 281, 32, RECEITA FEDERAL
473, 289, 201, 84, CPF
464, 259, 330, 22, CADASTRO DE PESSOAS FÍSICAS
556, 235, 238, 20, NÚMERO DE INSCRIÇÃO
487, 186, 298, 41, 858.129.707-26
719, 153, 78, 24, NOME
315, 108, 458, 32, WICHER VAIDOTAS KANAWAT
642, 65, 152, 27, NASCIMENTO
613, 28, 161, 33, 17/03/1986
[140, 123, 83, 67, 78, 96, 112, 142, 153, 139], [55, 60, 76, 97, 107, 95, 83, 74, 67, 56], -1, -1, DE 1889
[393, 350, 291, 263, 272, 324, 362, 393, 404, 421, 383], [81, 58, 39, 35, 61, 75, 90, 111, 127, 111, 74], -1, -1, DE NOVEMBRO
