x, y, width, height, transcription
[133, 120, 111, 93, 88, 93, 109, 136, 134, 124, 112, 92, 81, 69, 70, 84, 108, 117, 133, 131], [476, 487, 503, 548, 593, 653, 698, 739, 747, 751, 746, 715, 674, 638, 558, 511, 469, 453, 473, 480], -1, -1, PÚBLICA FEDERATIVA DO BRASIL
428, 141, 23, 282, MINISTÉRIO DA FAZENDA
391, 146, 32, 281, RECEITA FEDERAL
289, 163, 84, 201, CPF
259, 43, 22, 330, CADASTRO DE PESSOAS FÍSICAS
235, 43, 20, 238, NÚMERO DE INSCRIÇÃO
186, 52, 41, 298, 014.695.632-07
153, 40, 24, 78, NOME
108, 65, 32, 421, AKIHITO AGUIAR BATTOCHI
65, 43, 27, 152, NASCIMENTO
28, 61, 33, 163, 06/05/1995
[55, 60, 76, 97, 107, 95, 83, 74, 67, 56], [697, 714, 754, 770, 759, 741, 725, 695, 684, 698], -1, -1, DE 1889
[81, 58, 39, 35, 61, 75, 90, 111, 127, 111, 74], [444, 487, 546, 574, 565, 513, 475, 444, 433, 416, 454], -1, -1, DE NOVEMBRO
