x, y, width, height, transcription
[280, 280, 261, 235, 194, 163, 140, 101, 79, 71, 71, 81, 116, 137, 169, 217, 250, 285], [232, 231, 221, 208, 197, 196, 201, 218, 232, 226, 220, 210, 193, 186, 183, 188, 198, 220], -1, -1, REPÚBLICA FEDERATIVA DO BRASIL
[299, 303, 278, 244, 212, 209, 259], [221, 210, 191, 176, 164, 178, 194], -1, -1, 15 DE NOVEMBRO
[128, 123, 108, 94, 76, 84, 114], [181, 169, 175, 178, 186, 200, 183], -1, -1, DE 1889
412, 449, 259, 23, MINISTÉRIO DA FAZENDA
465, 418, 206, 22, RECEITA FEDERAL
506, 367, 117, 42, CPF
408, 320, 405, 19, CADASTRO DE PESSOAS FÍSICAS
573, 250, 240, 22, NÚMERO DE INSCRIÇÃO
512, 209, 284, 38, 276.242.870-05
742, 152, 71, 21, NOME
511, 125, 289, 26, SIENRA RAGOT TULLIUS
676, 62, 139, 21, NASCIMENTO
684, 35, 115, 25, 30/01/1986
