x, y, width, height, transcription
431, 161, 26, 283, MINISTÉRIO DA FAZENDA
393, 162, 36, 283, RECEITA FEDERAL
291, 183, 89, 203, CPF
264, 61, 24, 332, CADASTRO DE PESSOAS FÍSICAS
239, 62, 21, 237, NÚMERO DE INSCRIÇÃO
188, 58, 43, 322, 051.302.397-68
157, 60, 25, 74, NOME
70, 61, 25, 152, NASCIMENTO
111, 50, 30, 367, NAJLA GARROUX MONEZI
26, 61, 28, 127, 24/06/1965
[91, 73, 71, 70, 84, 105, 127, 143, 129, 113, 98, 95, 97, 109, 123, 105, 88], [534, 599, 624, 667, 703, 753, 777, 765, 745, 713, 670, 640, 593, 557, 513, 507, 538], -1, -1, BLICA FEDERATIVA DO BRASIL
[75, 59, 62, 77, 95, 104, 112, 100, 93, 77], [710, 716, 742, 759, 790, 795, 781, 762, 745, 712], -1, -1, DE 1889
[93, 77, 62, 48, 43, 65, 69, 79, 92, 103, 114, 98, 91], [458, 487, 515, 559, 585, 588, 565, 529, 505, 477, 462, 452, 461], -1, -1, 15 DE NOVEMBRO
