x, y, width, height, transcription
[376, 364, 334, 278, 206, 136, 86, 73, 108, 163, 217, 290, 338, 360], [122, 136, 117, 92, 87, 104, 134, 122, 93, 71, 68, 77, 96, 107], -1, -1, REPÚBLICA FEDERATIVA DO BRASIL
[419, 404, 371, 321, 286, 264, 267, 306, 344, 375, 400], [115, 127, 97, 74, 64, 54, 37, 47, 58, 80, 95], -1, -1, 15 DE NOVEMBRO
[133, 142, 108, 70, 59, 60, 95], [53, 69, 82, 104, 96, 83, 62], -1, -1, DE 1889
431, 436, 268, 30, MINISTÉRIO DA FAZENDA
410, 408, 285, 24, SECRETARIA DA RECEITA FEDERAL
452, 309, 203, 90, CPF
413, 279, 374, 30, CADASTRO DE PESSOAS FÍSICAS
583, 240, 203, 25, NÚMERO DE INSCRIÇÃO
478, 203, 303, 42, 707.749.183-81
729, 154, 57, 27, NOME
453, 112, 331, 29, HERGLOTZ GLORETE EI
669, 55, 124, 22, NASCIMENTO
644, 30, 135, 30, 22/12/2015
